63442
19422
57173
44594
2315
15625
21299
56040
9070
19766
13
49614
50272
39189
49580
45564
44514
12365
33928
4171
51635
12216
30112
64092
38416
58921
60203
43177
24269
32208
50766
44973
42845
29017
36904
34760
28297
23358
55493
29421
59350
5135
54363
52517
2716
16799
64908
37757
57488
22902
47593
55922
54879
7432
60282
37769
54821
61901
48686
20402
38462
25418
19915
13258
3240
5363
24509
35841
14498
28319
63220
60593
40813
9043
3722
39199
44652
8388
3275
40294
19058
35168
15218
11878
53864
41945
44541
9015
49241
32291
56262
50644
28734
46749
58355
32355
52529
4467
64647
37941
13523
20938
12182
9044
37769
8929
61558
37808
62235
40118
41620
6591
42630
18044
15151
46645
12746
6009
16920
38191
41197
20704
39655
50061
26485
39225
25372
50429
7792
16464
31117
23831
41983
16734
52158
46014
43428
31924
40281
8036
42853
49877
43074
12439
18015
62661
10273
57417
36691
32926
52652
59153
48513
29387
54244
38422
22028
52034
22304
64601
46166
40869
57966
35577
22150
12045
26214
49919
59156
36618
25875
7645
60117
11010
45897
22693
37671
23602
22731
30766
830
55545
41144
19255
15184
21098
37434
20060
17798
1897
49609
46481
29889
22819
40050
63247
56675
1456
5145
40372
22980
57245
31860
58198
43039
60398
47138
49390
37778
20523
49851
51279
52940
30670
39806
25751
43621
10166
29535
39177
13211
44983
23608
13370
28666
10754
5265
50608
20547
24148
42910
45156
58865
53202
41606
4905
17527
8304
31282
13156
63194
63477
16148
50364
56541
12157
61874
7077
46556
6349
12934
49027
19475
19299
54610
15754
40494
44019
14971
50582
10401
9813
37793
22761
30945
20974
13018
58696
1004
32211
14520
61575
9405
14376
56344
48878
38796
39963
51875
35893
30998
40868
57707
20975
6045
21922
36136
8311
57830
65298
18597
38947
45534
46693
59740
4300
8352
8001
9419
21704
41667
31533
6323
1035
53874
48417
48050
8833
37575
8962
15971
35936
63990
45241
20001
64047
8106
56700
19810
30425
53126
21720
22867
8867
36445
55976
62532
28841
34999
61283
30673
46943
41938
35242
52173
37494
40101
9843
65279
47870
35821
9056
12275
19550
18457
8900
5588
63469
34633
30362
32424
8077
47554
56335
18591
51339
53660
19389
62129
35986
23527
12377
36036
15845
54231
56806
62535
40901
9839
54105
16089
664
15969
55246
33899
36722
49428
55145
58523
50578
6399
64283
23311
61848
33561
36288
25478
61118
12108
6361
27526
10607
2789
49108
60457
56794
33236
19000
50658
53002
15702
53289
4451
63987
36138
26846
14118
64963
63914
9454
25147
26192
18850
40551
40318
43077
46161
23337
25586
18381
49009
33491
41185
19298
30736
9560
63866
9185
60521
43528
25545
39700
33343
25795
7312
2271
33165
45231
51948
3910
52230
229
19448
56610
45105
53498
11803
34892
22512
15532
14784
26939
55157
51253
40892
40233
2096
52598
4981
28491
25645
24098
31608
34828
5998
50186
13740
26656
40609
12159
38937
3994
2808
27624
15194
19660
29363
30016
19383
15856
6837
41411
8400
10686
30790
25171
27810
12413
38955
50682
41312
5778
41737
23042
40108
52760
54140
23627
3562
37934
2545
45371
30668
47852
23086
40513
39414
16608
10249
58719
45620
29731
12563
49650
33803
18559
53615
13147
52559
6008
55235
31515
36180
62685
55441
16942
52807
64767
31061
18619
60396
18678
2319
9237
19467
62425
43882
30116
16960
40891
44752
18957
15856
42153
33197
20151
11628
56673
22834
9574
12128
22260
35149
62900
43916
57476
60256
7041
57407
6345
29999
25568
62027
34462
21555
8209
58612
4690
57539
41949
19785
50574
31031
49761
35889
41271
38089
1661
17167
4668
63907
47752
11258
45551
9837
6767
36521
35472
28526
2946
64133
44897
40579
31494
29478
8005
48595
40859
49888
19322
5082
7809
36245
18523
52696
56486
6285
21911
51412
43151
37175
42278
53951
3561
10359
52716
27087
27131
18687
18236
53615
43444
59630
26425
32525
8884
53415
19910
44860
26903
13713
45708
533
20389
14044
58616
32150
57387
22357
17099
19412
51722
41303
46001
4490
50638
37901
12371
15843
49724
39647
16250
14123
25061
42017
34538
40636
44056
27278
54650
64046
43380
22621
21177
7641
34697
13017
5395
36466
26645
19711
13099
23013
3021
7712
20270
23591
30387
17018
38105
37010
41086
3551
35698
38100
26504
38782
62934
21688
48000
6335
11002
32629
16317
27475
57870
50373
12114
41746
52784
23401
53044
8848
42892
16564
12653
1161
23021
21233
63320
25515
7388
35839
25767
32040
46599
30566
47614
9224
13772
40273
65475
45766
9697
10882
14763
2411
36179
6892
15539
4002
59823
43342
60625
14084
32095
42998
39206
8664
11652
42647
9684
39019
55238
46138
5481
35515
10583
1025
47597
57424
54695
29953
35519
9317
48013
49671
313
48045
23791
2828
26280
49924
46540
12447
41604
11707
19923
40678
38093
24237
35340
17205
40361
41993
9330
27136
9587
33214
1084
44091
53138
5471
56564
14432
19133
36637
17124
3473
47924
26968
45769
60365
39714
53981
12193
7269
47875
31202
1528
61114
9154
22285
20070
4204
57043
15108
27532
21105
47524
9671
55504
6020
41490
63649
45198
35108
9457
63673
49425
53279
22220
9492
24873
18934
13754
21956
26153
65036
39413
59099
14305
12836
36324
49002
31098
50818
26076
28337
45811
9163
61501
61218
54256
49531
24522
8906
61511
14358
12512
1749
48972
6079
52777
55060
55965
22444
30565
17934
34370
46651
15557
40364
42181
12739
24447
5806
62588
22644
13551
13805
35353
22310
43283
13344
52666
52550
38821
50119
52613
46092
38107
18284
10646
25129
6140
17475
64215
32935
48932
37273
4013
53936
3185
10081
32803
1446
17986
9541
42542
29464
19943
37567
53099
16170
20160
48988
49939
36338
9068
5028
23271
32234
33643
34397
46719
5715
18959
62064
59539
41839
951
54931
45841
57627
95
60544
60384
31679
20270
51495
20256
37168
40290
54534
52907
974
8407
21258
14375
17351
41751
32887
21732
8593
55749
45052
22504
54035
27866
26998
36983
28566
3663
19780
22784
14068
37424
45417
11631
17249
1419
36579
44786
9352
54996
31266
14427
780
32531
39228
1003
36517
2336
6472
58223
13283
57151
49300
13506
4786
32787
20837
14580
26865
63040
24285
53747
44635
652
36807
7149
23993
62166
38822
29335
21519
49562
10655
29205
